# ----------------------------------------------------------------------------
#
# numerical.in: Numerical parameters that control FEM simulation.
#               Lines start with a # are comments. Empty lines are ignored.
#
# ----------------------------------------------------------------------------
    
monitor_file =/scratcha/hkaraogl/simple_case/outputfiles/monitor.txt

# comment if want it to be 100e6
# forces_buffer_size     = 50000000

# uncommment if want to activate solver barriers
# enable_timing_barriers = 1

# ----------------------------------------------------------------------------

simulation_wave_max_freq_hz    =  5.0

simulation_start_time_sec      =  0
simulation_end_time_sec        =  4
simulation_delta_time_sec      =  .005

simulation_node_per_wavelength = 8
simulation_shear_velocity_min  = 3400

simulation_output_rate         = 10000000

# ----------------------------------------------------------------------------

the_threshold_damping          = 0.05
the_threshold_Vp_over_Vs       = 3.0
do_damping_statistics          = 0

# ----------------------------------------------------------------------------
 
# Set to 1 if the results are needed. 0, otherwise.

simulation_displacement_out    = 1
simulation_velocity_out        = 0

# ----------------------------------------------------------------------------

# Checkpointing parameters
# use_checkpoint 0 - no or 1 -yes
# rate is in steps, if 0 do not write

use_checkpoint     = 0
checkpointing_rate = 3000
checkpoint_path    = /scratcha/hkaraogl/simple_case/outputfiles/checkpoints

# ----------------------------------------------------------------------------

# Output Plane Information 

number_output_planes     = 5
output_planes_print_rate = 50
output_planes_directory  = /scratcha/hkaraogl/simple_case/outputfiles/planes

domain_surface_corners  =
		      
  23.1997      40.7756 
  23.2115      40.7753     
  23.2118      40.7843      
  23.2000      40.7846      

#         Lat        Long    Dpth dStrk stpsAlStr   dDp stpsDp  strk   dp
# ............................................................................ 

output_planes = 
      40.7799     23.2058       0   100       290   100  160     0    0
      40.7799     23.2058       0    50       580    50  320     0    0
      40.7799     23.2058       0    20       750    20  800     0    0
      40.7799     23.2058       0    40       375    40  400     0    0
      40.7799     23.2058       0   100       150   100  160     0    0

# ----------------------------------------------------------------------------

# Output Stations (observation points)
# number_output_stations        = 288
number_output_stations        = 1
output_stations_print_rate    = 1
output_stations_directory     =/scratcha/hkaraogl/simple_case/outputfiles/stations

#         Lat             Long        Dpth
# ............................................................................

output_stations =

40.7799 	23.2058 	0.00000
40.64690	23.30430	0.00000
40.64770	23.30370	0.00000
40.64850	23.30320	0.00000
40.64930	23.30260	0.00000
40.65010	23.30210	0.00000
40.65090	23.30150	0.00000
40.65170	23.30100	0.00000
40.65250	23.30040	0.00000
40.65330	23.29990	0.00000
40.65410	23.29930	0.00000
40.65490	23.29880	0.00000
40.65570	23.29820	0.00000
40.65650	23.29770	0.00000
40.65730	23.29710	0.00000
40.65810	23.29660	0.00000
40.65890	23.29600	0.00000
40.65970	23.29550	0.00000
40.66050	23.29490	0.00000
40.66130	23.29440	0.00000
40.66210	23.29380	0.00000
40.66290	23.29330	0.00000
40.66370	23.29270	0.00000
40.66450	23.29220	0.00000
40.66530	23.29160	0.00000
40.66610	23.29110	0.00000
40.66690	23.29050	0.00000
40.66770	23.29000	0.00000
40.66850	23.28940	0.00000
40.66920	23.28890	0.00000
40.67000	23.28840	0.00000
40.67080	23.28780	0.00000
40.67160	23.28730	0.00000
40.67240	23.28670	0.00000
40.67320	23.28620	0.00000
40.67400	23.28560	0.00000
40.67480	23.28510	0.00000
40.67560	23.28450	0.00000
40.67640	23.28400	0.00000
40.67720	23.28340	0.00000
40.67800	23.28290	0.00000
40.67880	23.28230	0.00000
40.67960	23.28180	0.00000
40.68040	23.28120	0.00000
40.68120	23.28070	0.00000
40.68200	23.28010	0.00000
40.68280	23.27960	0.00000
40.68360	23.27900	0.00000
40.68440	23.27850	0.00000
40.68520	23.27790	0.00000
40.68600	23.27740	0.00000
40.68680	23.27680	0.00000
40.68760	23.27630	0.00000
40.64530	23.30540	0.00000
40.65240	23.29980	0.00000
40.64870	23.30490	0.00000
40.65540	23.29850	0.00000
40.66420	23.29100	0.00000
40.67540	23.28930	0.00000
40.68840	23.27570	0.00000
40.67620	23.32400	0.00000
40.67430	23.31550	0.00000
40.67060	23.30670	0.00000
40.66500	23.27380	0.00000
40.66110	23.26010	0.00000
40.65960	23.25090	0.00000
40.66420	23.29100	18.40000
40.66420	23.29100	40.00000
40.66420	23.29100	73.10000
40.66420	23.29100	136.00000
40.66420	23.29100	197.00000
40.68840	23.27570	33.00000
40.65550	23.33830	0.00000
40.65630	23.33780	0.00000
40.65710	23.33720	0.00000
40.65790	23.33670	0.00000
40.65870	23.33610	0.00000
40.65950	23.33560	0.00000
40.66030	23.33500	0.00000
40.66110	23.33450	0.00000
40.66190	23.33390	0.00000
40.66270	23.33340	0.00000
40.66350	23.33280	0.00000
40.66430	23.33230	0.00000
40.66510	23.33170	0.00000
40.66590	23.33120	0.00000
40.66670	23.33060	0.00000
40.66750	23.33010	0.00000
40.66830	23.32950	0.00000
40.66910	23.32900	0.00000
40.66990	23.32840	0.00000
40.67070	23.32790	0.00000
40.67150	23.32730	0.00000
40.67230	23.32680	0.00000
40.67310	23.32620	0.00000
40.67390	23.32570	0.00000
40.67470	23.32510	0.00000
40.67540	23.32460	0.00000
40.67700	23.32350	0.00000
40.67780	23.32290	0.00000
40.67860	23.32240	0.00000
40.67940	23.32180	0.00000
40.68020	23.32130	0.00000
40.68100	23.32070	0.00000
40.68180	23.32020	0.00000
40.68260	23.31960	0.00000
40.68340	23.31910	0.00000
40.68420	23.31850	0.00000
40.68500	23.31800	0.00000
40.68580	23.31740	0.00000
40.68660	23.31690	0.00000
40.68740	23.31640	0.00000
40.68820	23.31580	0.00000
40.68900	23.31530	0.00000
40.68980	23.31470	0.00000
40.69060	23.31420	0.00000
40.69140	23.31360	0.00000
40.69220	23.31310	0.00000
40.69300	23.31250	0.00000
40.69380	23.31200	0.00000
40.69460	23.31140	0.00000
40.69540	23.31090	0.00000
40.69620	23.31030	0.00000
40.69700	23.30980	0.00000
40.69780	23.30920	0.00000
40.69860	23.30870	0.00000
40.66440	23.28960	0.00000
40.66430	23.28920	0.00000
40.66440	23.28840	0.00000
40.66440	23.28770	0.00000
40.66440	23.28700	0.00000
40.66450	23.28630	0.00000
40.66450	23.28560	0.00000
40.66450	23.28480	0.00000
40.66460	23.28410	0.00000
40.66460	23.28330	0.00000
40.66460	23.28270	0.00000
40.66450	23.28200	0.00000
40.66430	23.28050	0.00000
40.66410	23.27890	0.00000
40.66410	23.27740	0.00000
40.66460	23.27610	0.00000
40.66450	23.27250	0.00000
40.66410	23.27120	0.00000
40.66390	23.26970	0.00000
40.66330	23.26840	0.00000
40.66280	23.26740	0.00000
40.66230	23.26610	0.00000
40.66200	23.26460	0.00000
40.66170	23.26310	0.00000
40.66140	23.26160	0.00000
40.66090	23.25910	0.00000
40.66050	23.25760	0.00000
40.66020	23.25620	0.00000
40.65980	23.25470	0.00000
40.65950	23.25320	0.00000
40.65950	23.25170	0.00000
40.65960	23.25060	0.00000
40.65970	23.24990	0.00000
40.65980	23.24920	0.00000
40.65990	23.24850	0.00000
40.66000	23.24780	0.00000
40.66010	23.24710	0.00000
40.66020	23.24640	0.00000
40.66020	23.24570	0.00000
40.66030	23.24560	0.00000
40.68030	23.33890	0.00000
40.68000	23.33760	0.00000
40.67970	23.33620	0.00000
40.67940	23.33480	0.00000
40.67920	23.33350	0.00000
40.67890	23.33210	0.00000
40.67860	23.33080	0.00000
40.67830	23.32940	0.00000
40.67780	23.32810	0.00000
40.67740	23.32680	0.00000
40.67680	23.32550	0.00000
40.67590	23.32250	0.00000
40.67560	23.32110	0.00000
40.67530	23.31970	0.00000
40.67490	23.31830	0.00000
40.67470	23.31690	0.00000
40.67370	23.31430	0.00000
40.67310	23.31310	0.00000
40.67240	23.31190	0.00000
40.67180	23.31070	0.00000
40.67130	23.30940	0.00000
40.67100	23.30810	0.00000
40.67040	23.30530	0.00000
40.67020	23.30390	0.00000
40.67000	23.30250	0.00000
40.66970	23.30110	0.00000
40.66940	23.29970	0.00000
40.66920	23.29830	0.00000
40.66860	23.29680	0.00000
40.66790	23.29560	0.00000
40.66720	23.29450	0.00000
40.66640	23.29340	0.00000
40.66560	23.29240	0.00000
40.63090	23.27070	0.00000
40.63170	23.27010	0.00000
40.63250	23.26960	0.00000
40.63330	23.26900	0.00000
40.63410	23.26850	0.00000
40.63490	23.26790	0.00000
40.63570	23.26740	0.00000
40.63650	23.26680	0.00000
40.63730	23.26630	0.00000
40.63810	23.26570	0.00000
40.63890	23.26520	0.00000
40.63970	23.26460	0.00000
40.64050	23.26410	0.00000
40.64130	23.26350	0.00000
40.64210	23.26300	0.00000
40.64290	23.26240	0.00000
40.64370	23.26190	0.00000
40.64440	23.26130	0.00000
40.64520	23.26080	0.00000
40.64600	23.26020	0.00000
40.64680	23.25970	0.00000
40.64760	23.25910	0.00000
40.64840	23.25860	0.00000
40.64920	23.25800	0.00000
40.65000	23.25750	0.00000
40.65080	23.25690	0.00000
40.65160	23.25640	0.00000
40.65240	23.25580	0.00000
40.65320	23.25530	0.00000
40.65400	23.25470	0.00000
40.65480	23.25420	0.00000
40.65560	23.25360	0.00000
40.65640	23.25310	0.00000
40.65720	23.25250	0.00000
40.65800	23.25200	0.00000
40.65880	23.25140	0.00000
40.66040	23.25030	0.00000
40.66120	23.24980	0.00000
40.66200	23.24920	0.00000
40.66280	23.24870	0.00000
40.66360	23.24810	0.00000
40.66440	23.24760	0.00000
40.66520	23.24700	0.00000
40.66600	23.24650	0.00000
40.66680	23.24590	0.00000
40.66760	23.24540	0.00000
40.66840	23.24480	0.00000
40.66920	23.24430	0.00000
40.67000	23.24370	0.00000
40.67080	23.24320	0.00000
40.67160	23.24260	0.00000
40.67230	23.24210	0.00000
40.67310	23.24150	0.00000
40.67390	23.24100	0.00000
40.67470	23.24040	0.00000
40.67550	23.23990	0.00000
40.67630	23.23930	0.00000
40.67710	23.23880	0.00000
40.67790	23.23820	0.00000
40.67870	23.23770	0.00000
40.67950	23.23710	0.00000
40.68030	23.23660	0.00000
40.68110	23.23600	0.00000
40.68190	23.23550	0.00000
40.68270	23.23490	0.00000
40.68350	23.23440	0.00000
40.68430	23.23380	0.00000
40.68510	23.23330	0.00000
40.68590	23.23270	0.00000
40.68670	23.23220	0.00000
40.68750	23.23160	0.00000
40.68830	23.23110	0.00000
40.68910	23.23050	0.00000
40.68990	23.23000	0.00000
40.70360	23.34370	0.00000
40.68090	23.35480	0.00000
40.66760	23.34250	0.00000
40.65080	23.28270	0.00000
40.64250	23.24700	0.00000
40.64300	23.22340	0.00000
40.65420	23.22370	0.00000
40.63730	23.31090	0.00000
40.69640	23.27020	0.00000
40.63040	23.29390	0.00000
40.64510	23.34170	0.00000
40.70020	23.22530	0.00000
40.69980	23.24890	0.00000
40.69880	23.29620	0.00000
40.66420	23.29100	1000.00000
